8.328332309084341967e-01
8.779326207586191089e-01
8.679658081319234775e-01
8.661606806396913161e-01
8.701104388358749109e-01
8.825689672048753209e-01
8.832394801054405109e-01
8.705131944667277022e-01
8.926441338955057869e-01
8.949073382496149920e-01
8.927056412611147351e-01
9.050474931070436879e-01
9.007761296015329711e-01
9.027571060681516268e-01
8.999760753990218021e-01
8.971828635098665350e-01
8.978500461639599139e-01
9.100299914049263528e-01
9.018159937290942674e-01
9.091492587124816449e-01
8.938424179371964318e-01
9.073042607503097878e-01
9.096002783275585202e-01
9.008748539901477725e-01
9.096294287435539028e-01
9.050283673746678526e-01
9.088783188428282145e-01
9.013964536915084480e-01
9.055765223342011616e-01
