4.858276800661689876e+00
4.476381217644372690e+00
4.270574585608464702e+00
4.198510806601606582e+00
4.186182417494321406e+00
4.179356090955476333e+00
4.129850475185706138e+00
4.100494680499912725e+00
4.126753962985931778e+00
4.020539339752739139e+00
4.005436483241368251e+00
4.029836312890601846e+00
3.942446835656109538e+00
3.930943952675186370e+00
3.994564770633449502e+00
3.942538907594804076e+00
3.942167209888227219e+00
3.898151174952102949e+00
3.901708275800292558e+00
3.941095253292736800e+00
3.926183061774915828e+00
3.913223956001662618e+00
3.880481367158579609e+00
3.866934239274324003e+00
3.866250759298805129e+00
3.867358436698851598e+00
3.831667562253803005e+00
3.816390612352643430e+00
3.848055192338018848e+00
3.809188448394795756e+00
3.799977645642973911e+00
