8.801423758268356323e-02
8.614862710237503052e-02
8.577958494424819946e-02
8.563803881406784058e-02
8.552690595388412476e-02
8.543131500482559204e-02
8.535448461771011353e-02
8.524585515260696411e-02
8.522313833236694336e-02
8.517738431692123413e-02
8.515790849924087524e-02
8.508536219596862793e-02
8.506932109594345093e-02
8.502723276615142822e-02
8.499653637409210205e-02
8.500754833221435547e-02
8.497457206249237061e-02
8.494867384433746338e-02
8.492381125688552856e-02
8.487300574779510498e-02
8.485700190067291260e-02
8.486893028020858765e-02
8.482382446527481079e-02
8.479122072458267212e-02
8.476347476243972778e-02
8.474142849445343018e-02
8.469562232494354248e-02
8.469531685113906860e-02
8.467055112123489380e-02
8.466438949108123779e-02
8.461993932723999023e-02
